-4.934400022029876709e-01 -4.934400022029876709e-01
-1.438050031661987305e+00 -1.438050031661987305e+00
1.551720023155212402e+00 1.551720023155212402e+00
-1.680700033903121948e-01 -1.680700033903121948e-01
-1.082129955291748047e+00 -1.082129955291748047e+00
-1.682599931955337524e-01 -1.682599931955337524e-01
4.666785597801208496e-01 4.666785597801208496e-01
2.463429927825927734e+00 2.463429927825927734e+00
1.298769950866699219e+00 1.298769950866699219e+00
3.608300089836120605e-01 3.608300089836120605e-01
5.694338989257812500e+01 5.694338989257812500e+01
5.670753860473632812e+01 5.670753860473632812e+01
9.682758331298828125e+01 9.682758331298828125e+01
1.800000000000000000e+02 1.800000000000000000e+02
-1.557813027999999989e+00 1.474921327999999976e+00
-2.419602627999999811e+00 9.020627679999999593e-01
