-2.734099924564361572e-01 -2.734099924564361572e-01
1.899400055408477783e-01 1.899400055408477783e-01
6.687899827957153320e-01 6.687899827957153320e-01
7.975800037384033203e-01 7.975800037384033203e-01
-2.746399939060211182e-01 -2.746399939060211182e-01
1.327810049057006836e+00 1.327810049057006836e+00
5.386157631874084473e-01 5.386157631874084473e-01
2.394099980592727661e-01 2.394099980592727661e-01
3.036000132560729980e-01 3.036000132560729980e-01
3.012099862098693848e-01 3.012099862098693848e-01
8.904821014404296875e+01 8.904821014404296875e+01
5.476103973388671875e+01 5.476103973388671875e+01
1.581332702636718750e+02 1.581332702636718750e+02
6.651483917236328125e+01 6.651483917236328125e+01
-7.765395259999999800e-01 4.825142559999999747e-01
-4.655321660000000250e-01 6.361245460000000129e-01
